epoch,trial,production,response_time,firing_time,rewarded_time,delivered_reward,passed_time,received_reward,u,utility,at,difficulty,payoff
0,1,P8,0.35,0.298,0.298,8.808,0.248,8.56,5.4783998,4.696415,0.2477,5,10
0,2,P8,0.35,0.696,0.696,8.808,0.248,8.56,5.4783998,4.696415,0.2477,5,10
1,1,P5,0.24,0.186,0.186,2.6894,0.136,2.5534,1.634176,-0.6207745,0.1359,5,10
1,2,P5,0.24,0.472,0.472,2.6894,0.136,2.5534,1.634176,-0.6207745,0.1359,5,10
2,1,P6,0.27,0.216,0.216,5.0,0.166,4.834,3.789856,3.247055,0.166,5,10
2,2,P6,0.27,0.532,0.532,5.0,0.166,4.834,3.789856,3.247055,0.166,5,10
2,3,P6,0.27,0.848,0.848,5.0,0.166,4.834,3.789856,3.247055,0.166,5,10
3,1,P6,0.27,0.216,0.216,5.0,0.166,4.834,3.09376,3.4679766,0.166,5,10
3,2,P6,0.27,0.532,0.532,5.0,0.166,4.834,3.09376,3.4679766,0.166,5,10
3,3,P1,0.16,0.743,0.743,0.0669,0.061,0.0059000000000000025,0.0023599998,-0.49630287,0.0611,5,10
4,1,P4,0.21,0.161,0.161,1.192,0.111,1.081,0.43240005,0.042169422,0.1113,5,10
4,2,P5,0.24,0.447,0.447,2.6894,0.136,2.5534,1.634176,1.3648005,0.1359,5,10
4,3,P3,0.19,0.688,0.688,0.4743,0.091,0.3833,0.15332,-0.09610769,0.0911,5,10
5,1,P2,0.18,0.125,0.125,0.1799,0.075,0.10490000000000001,0.04196,0.27776122,0.0746,5,10
5,2,P9,0.4,0.577,0.577,9.5257,0.302,9.223700000000001,3.6894798,3.447825,0.3025,5,10
6,1,P8,0.35,0.298,0.298,8.808,0.248,8.56,5.4783998,4.7038116,0.2477,5,10
6,2,P8,0.35,0.696,0.696,8.808,0.248,8.56,5.4783998,4.7038116,0.2477,5,10
7,1,P7,0.3,0.253,0.253,7.3106,0.203,7.1076,5.572358,5.6801977,0.2028,5,10
7,2,P7,0.3,0.606,0.606,7.3106,0.203,7.1076,5.572358,5.6801977,0.2028,5,10
8,1,P1,0.16,0.111,0.111,0.0669,0.061,0.0059000000000000025,0.0023599998,-1.0323981,0.0611,5,10
8,2,P9,0.4,0.563,0.563,9.5257,0.302,9.223700000000001,3.6894798,2.6659389,0.3025,5,10
9,1,P9,0.4,0.352,0.352,9.5257,0.302,9.223700000000001,5.9031677,6.6976185,0.3025,5,10
9,2,P9,0.4,0.804,0.804,9.5257,0.302,9.223700000000001,5.9031677,6.6976185,0.3025,5,10
10,1,P5,0.24,0.186,0.186,2.6894,0.136,2.5534,1.02136,0.7738097,0.1359,5,10
10,2,P3,0.19,0.427,0.427,0.4743,0.091,0.3833,0.245312,1.3475955,0.0911,5,10
10,3,P1,0.16,0.638,0.638,0.0669,0.061,0.0059000000000000025,0.0023599998,-0.10731158,0.0611,5,10
10,4,P3,0.19,0.879,0.879,0.4743,0.091,0.3833,0.245312,1.3475955,0.0911,5,10
11,1,P2,0.18,0.125,0.125,0.1799,0.075,0.10490000000000001,0.04196,-0.022668555,0.0746,5,10
11,2,P5,0.24,0.411,0.411,2.6894,0.136,2.5534,2.0018656,3.3939486,0.1359,5,10
11,3,P5,0.24,0.697,0.697,2.6894,0.136,2.5534,2.0018656,3.3939486,0.1359,5,10
12,1,P6,0.27,0.216,0.216,5.0,0.166,4.834,3.789856,2.6705341,0.166,5,10
12,2,P6,0.27,0.532,0.532,5.0,0.166,4.834,3.789856,2.6705341,0.166,5,10
12,3,P6,0.27,0.848,0.848,5.0,0.166,4.834,3.789856,2.6705341,0.166,5,10
13,1,P10,0.47,0.42,0.42,9.8201,0.37,9.4501,6.048064,4.126429,0.3695,5,10
14,1,P9,0.4,0.352,0.352,9.5257,0.302,9.223700000000001,5.9031677,5.7348294,0.3025,5,10
14,2,P9,0.4,0.804,0.804,9.5257,0.302,9.223700000000001,5.9031677,5.7348294,0.3025,5,10
15,1,P7,0.3,0.253,0.253,7.3106,0.203,7.1076,5.572358,3.6478496,0.2028,5,10
15,2,P7,0.3,0.606,0.606,7.3106,0.203,7.1076,5.572358,3.6478496,0.2028,5,10
16,1,P8,0.35,0.298,0.298,8.808,0.248,8.56,5.4783998,4.7731247,0.2477,5,10
16,2,P8,0.35,0.696,0.696,8.808,0.248,8.56,5.4783998,4.7731247,0.2477,5,10
17,1,P2,0.18,0.125,0.125,0.1799,0.075,0.10490000000000001,0.04196,0.035438813,0.0746,5,10
17,2,P4,0.21,0.386,0.386,1.192,0.111,1.081,0.43240005,0.7393726,0.1113,5,10
17,3,P1,0.16,0.597,0.597,0.0669,0.061,0.0059000000000000025,0.0023599998,-0.4468801,0.0611,5,10
17,4,P5,0.24,0.883,0.883,2.6894,0.136,2.5534,1.02136,1.5394526,0.1359,5,10
18,1,P8,0.35,0.298,0.298,8.808,0.248,8.56,5.4783998,5.6865788,0.2477,5,10
18,2,P8,0.35,0.696,0.696,8.808,0.248,8.56,5.4783998,5.6865788,0.2477,5,10
19,1,P5,0.24,0.186,0.186,2.6894,0.136,2.5534,1.634176,1.0284159,0.1359,5,10
19,2,P5,0.24,0.472,0.472,2.6894,0.136,2.5534,1.634176,1.0284159,0.1359,5,10
19,3,P2,0.18,0.697,0.697,0.1799,0.075,0.10490000000000001,0.067136005,1.5155509,0.0746,5,10
20,1,P8,0.35,0.298,0.298,8.808,0.248,8.56,5.4783998,5.673673,0.2477,5,10
20,2,P8,0.35,0.696,0.696,8.808,0.248,8.56,5.4783998,5.673673,0.2477,5,10
21,1,P9,0.4,0.352,0.352,9.5257,0.302,9.223700000000001,5.9031677,6.1121206,0.3025,5,10
21,2,P9,0.4,0.804,0.804,9.5257,0.302,9.223700000000001,5.9031677,6.1121206,0.3025,5,10
22,1,P1,0.16,0.111,0.111,0.0669,0.061,0.0059000000000000025,0.0023599998,1.598138,0.0611,5,10
22,2,P7,0.3,0.464,0.464,7.3106,0.203,7.1076,4.548864,3.4546723,0.2028,5,10
22,3,P7,0.3,0.817,0.817,7.3106,0.203,7.1076,4.548864,3.4546723,0.2028,5,10
23,1,P7,0.3,0.253,0.253,7.3106,0.203,7.1076,5.572358,6.0993514,0.2028,5,10
23,2,P7,0.3,0.606,0.606,7.3106,0.203,7.1076,5.572358,6.0993514,0.2028,5,10
24,1,P2,0.18,0.125,0.125,0.1799,0.075,0.10490000000000001,0.04196,-0.5291077,0.0746,5,10
24,2,P8,0.35,0.523,0.523,8.808,0.248,8.56,5.4783998,3.5485244,0.2477,5,10
25,1,P3,0.19,0.141,0.141,0.4743,0.091,0.3833,0.15332,0.74287444,0.0911,5,10
25,2,P7,0.3,0.494,0.494,7.3106,0.203,7.1076,4.548864,4.2114964,0.2028,5,10
25,3,P7,0.3,0.847,0.847,7.3106,0.203,7.1076,4.548864,4.2114964,0.2028,5,10
26,1,P7,0.3,0.253,0.253,7.3106,0.203,7.1076,5.572358,4.689484,0.2028,5,10
26,2,P7,0.3,0.606,0.606,7.3106,0.203,7.1076,5.572358,4.689484,0.2028,5,10
27,1,P8,0.35,0.298,0.298,8.808,0.248,8.56,5.4783998,4.4649534,0.2477,5,10
27,2,P8,0.35,0.696,0.696,8.808,0.248,8.56,5.4783998,4.4649534,0.2477,5,10
28,1,P8,0.35,0.298,0.298,8.808,0.248,8.56,5.4783998,6.1624393,0.2477,5,10
28,2,P8,0.35,0.696,0.696,8.808,0.248,8.56,5.4783998,6.1624393,0.2477,5,10
29,1,P9,0.4,0.352,0.352,9.5257,0.302,9.223700000000001,5.9031677,6.681963,0.3025,5,10
29,2,P9,0.4,0.804,0.804,9.5257,0.302,9.223700000000001,5.9031677,6.681963,0.3025,5,10
30,1,P1,0.16,0.111,0.111,0.0669,0.061,0.0059000000000000025,0.0023599998,0.106682524,0.0611,5,10
30,2,P2,0.18,0.336,0.336,0.1799,0.075,0.10490000000000001,0.04196,-1.2426865,0.0746,5,10
30,3,P4,0.21,0.597,0.597,1.192,0.111,1.081,0.43240005,-0.18798423,0.1113,5,10
31,1,P10,0.47,0.42,0.42,9.8201,0.37,9.4501,6.048064,3.6570678,0.3695,5,10
32,1,P10,0.47,0.42,0.42,9.8201,0.37,9.4501,6.048064,4.9440165,0.3695,5,10
33,1,P5,0.24,0.186,0.186,2.6894,0.136,2.5534,1.634176,0.73579466,0.1359,5,10
33,2,P5,0.24,0.472,0.472,2.6894,0.136,2.5534,1.634176,0.73579466,0.1359,5,10
34,1,P9,0.4,0.352,0.352,9.5257,0.302,9.223700000000001,5.9031677,5.3575497,0.3025,5,10
34,2,P9,0.4,0.804,0.804,9.5257,0.302,9.223700000000001,5.9031677,5.3575497,0.3025,5,10
35,1,P4,0.21,0.161,0.161,1.192,0.111,1.081,0.43240005,0.7123803,0.1113,5,10
35,2,P1,0.16,0.372,0.372,0.0669,0.061,0.0059000000000000025,0.0023599998,-0.43220085,0.0611,5,10
35,3,P9,0.4,0.824,0.824,9.5257,0.302,9.223700000000001,3.6894798,4.388455,0.3025,5,10
36,1,P7,0.3,0.253,0.253,7.3106,0.203,7.1076,5.572358,4.551789,0.2028,5,10
36,2,P7,0.3,0.606,0.606,7.3106,0.203,7.1076,5.572358,4.551789,0.2028,5,10
37,1,P2,0.18,0.125,0.125,0.1799,0.075,0.10490000000000001,0.04196,0.1937435,0.0746,5,10
37,2,P7,0.3,0.478,0.478,7.3106,0.203,7.1076,4.548864,4.9621634,0.2028,5,10
37,3,P7,0.3,0.831,0.831,7.3106,0.203,7.1076,4.548864,4.9621634,0.2028,5,10
38,1,P7,0.3,0.253,0.253,7.3106,0.203,7.1076,5.572358,4.904484,0.2028,5,10
38,2,P7,0.3,0.606,0.606,7.3106,0.203,7.1076,5.572358,4.904484,0.2028,5,10
39,1,P3,0.19,0.141,0.141,0.4743,0.091,0.3833,0.33362433,1.2777859,0.0911,5,10
39,2,P3,0.19,0.382,0.382,0.4743,0.091,0.3833,0.33362433,1.2777859,0.0911,5,10
39,3,P3,0.19,0.623,0.623,0.4743,0.091,0.3833,0.33362433,1.2777859,0.0911,5,10
39,4,P3,0.19,0.864,0.864,0.4743,0.091,0.3833,0.33362433,1.2777859,0.0911,5,10
40,1,P5,0.24,0.186,0.186,2.6894,0.136,2.5534,2.0018656,2.7955177,0.1359,5,10
40,2,P5,0.24,0.472,0.472,2.6894,0.136,2.5534,2.0018656,2.7955177,0.1359,5,10
40,3,P5,0.24,0.758,0.758,2.6894,0.136,2.5534,2.0018656,2.7955177,0.1359,5,10
41,1,P6,0.27,0.216,0.216,5.0,0.166,4.834,3.09376,3.1322074,0.166,5,10
41,2,P3,0.19,0.457,0.457,0.4743,0.091,0.3833,0.15332,0.5223439,0.0911,5,10
41,3,P6,0.27,0.773,0.773,5.0,0.166,4.834,3.09376,3.1322074,0.166,5,10
42,1,P7,0.3,0.253,0.253,7.3106,0.203,7.1076,5.572358,4.657395,0.2028,5,10
42,2,P7,0.3,0.606,0.606,7.3106,0.203,7.1076,5.572358,4.657395,0.2028,5,10
43,1,P3,0.19,0.141,0.141,0.4743,0.091,0.3833,0.15332,-0.7787942,0.0911,5,10
43,2,P6,0.27,0.457,0.457,5.0,0.166,4.834,3.09376,3.988285,0.166,5,10
43,3,P6,0.27,0.773,0.773,5.0,0.166,4.834,3.09376,3.988285,0.166,5,10
44,1,P5,0.24,0.186,0.186,2.6894,0.136,2.5534,1.02136,0.87195057,0.1359,5,10
44,2,P3,0.19,0.427,0.427,0.4743,0.091,0.3833,0.15332,-0.12892811,0.0911,5,10
44,3,P2,0.18,0.652,0.652,0.1799,0.075,0.10490000000000001,0.067136005,1.6399261,0.0746,5,10
44,4,P2,0.17,0.877,0.877,0.1799,0.075,0.10490000000000001,0.067136005,1.6399261,0.0746,5,10
45,1,P3,0.19,0.141,0.141,0.4743,0.091,0.3833,0.15332,-0.37335074,0.0911,5,10
45,2,P10,0.47,0.661,0.661,9.8201,0.37,9.4501,3.78004,2.1552072,0.3695,5,10
46,1,P7,0.3,0.253,0.253,7.3106,0.203,7.1076,5.572358,5.0218525,0.2028,5,10
46,2,P7,0.3,0.606,0.606,7.3106,0.203,7.1076,5.572358,5.0218525,0.2028,5,10
47,1,P5,0.24,0.186,0.186,2.6894,0.136,2.5534,2.0018656,1.6974696,0.1359,5,10
47,2,P5,0.24,0.472,0.472,2.6894,0.136,2.5534,2.0018656,1.6974696,0.1359,5,10
47,3,P1,0.16,0.683,0.683,0.0669,0.061,0.0059000000000000025,0.0023599998,-0.6009934,0.0611,5,10
48,1,P8,0.35,0.298,0.298,8.808,0.248,8.56,5.4783998,4.507228,0.2477,5,10
48,2,P8,0.35,0.696,0.696,8.808,0.248,8.56,5.4783998,4.507228,0.2477,5,10
49,1,P3,0.19,0.141,0.141,0.4743,0.091,0.3833,0.245312,1.1474614,0.0911,5,10
49,2,P3,0.19,0.382,0.382,0.4743,0.091,0.3833,0.245312,1.1474614,0.0911,5,10
49,3,P7,0.3,0.735,0.735,7.3106,0.203,7.1076,2.84304,5.750375,0.2028,5,10
50,1,P8,0.35,0.298,0.298,8.808,0.248,8.56,5.4783998,4.9069247,0.2477,5,10
50,2,P8,0.35,0.696,0.696,8.808,0.248,8.56,5.4783998,4.9069247,0.2477,5,10
51,1,P6,0.27,0.216,0.216,5.0,0.166,4.834,3.789856,3.208426,0.166,5,10
51,2,P6,0.27,0.532,0.532,5.0,0.166,4.834,3.789856,3.208426,0.166,5,10
51,3,P6,0.27,0.848,0.848,5.0,0.166,4.834,3.789856,3.208426,0.166,5,10
52,1,P4,0.21,0.161,0.161,1.192,0.111,1.081,0.43240005,0.9007253,0.1113,5,10
52,2,P5,0.24,0.447,0.447,2.6894,0.136,2.5534,1.634176,1.4854082,0.1359,5,10
52,3,P5,0.24,0.733,0.733,2.6894,0.136,2.5534,1.634176,1.4854082,0.1359,5,10
53,1,P9,0.4,0.352,0.352,9.5257,0.302,9.223700000000001,5.9031677,5.7615943,0.3025,5,10
53,2,P9,0.4,0.804,0.804,9.5257,0.302,9.223700000000001,5.9031677,5.7615943,0.3025,5,10
54,1,P8,0.35,0.298,0.298,8.808,0.248,8.56,5.4783998,6.0554037,0.2477,5,10
54,2,P8,0.35,0.696,0.696,8.808,0.248,8.56,5.4783998,6.0554037,0.2477,5,10
55,1,P9,0.4,0.352,0.352,9.5257,0.302,9.223700000000001,5.9031677,5.910052,0.3025,5,10
55,2,P9,0.4,0.804,0.804,9.5257,0.302,9.223700000000001,5.9031677,5.910052,0.3025,5,10
56,1,P6,0.27,0.216,0.216,5.0,0.166,4.834,3.789856,3.688582,0.166,5,10
56,2,P6,0.27,0.532,0.532,5.0,0.166,4.834,3.789856,3.688582,0.166,5,10
56,3,P6,0.27,0.848,0.848,5.0,0.166,4.834,3.789856,3.688582,0.166,5,10
57,1,P3,0.19,0.141,0.141,0.4743,0.091,0.3833,0.245312,-0.9876894,0.0911,5,10
57,2,P2,0.18,0.366,0.366,0.1799,0.075,0.10490000000000001,0.04196,0.7328374,0.0746,5,10
57,3,P3,0.19,0.607,0.607,0.4743,0.091,0.3833,0.245312,-0.9876894,0.0911,5,10
57,4,P5,0.24,0.893,0.893,2.6894,0.136,2.5534,1.02136,0.9810154,0.1359,5,10
58,1,P10,0.47,0.42,0.42,9.8201,0.37,9.4501,6.048064,1.2342894,0.3695,5,10
59,1,P6,0.27,0.216,0.216,5.0,0.166,4.834,3.789856,3.0221944,0.166,5,10
59,2,P6,0.27,0.532,0.532,5.0,0.166,4.834,3.789856,3.0221944,0.166,5,10
59,3,P6,0.27,0.848,0.848,5.0,0.166,4.834,3.789856,3.0221944,0.166,5,10
60,1,P3,0.19,0.141,0.141,0.4743,0.091,0.3833,0.245312,-0.8420218,0.0911,5,10
60,2,P3,0.19,0.382,0.382,0.4743,0.091,0.3833,0.245312,-0.8420218,0.0911,5,10
60,3,P9,0.4,0.834,0.834,9.5257,0.302,9.223700000000001,3.6894798,2.1668093,0.3025,5,10
61,1,P5,0.24,0.186,0.186,2.6894,0.136,2.5534,1.02136,-0.1355704,0.1359,5,10
61,2,P10,0.47,0.706,0.706,9.8201,0.37,9.4501,3.78004,6.1070933,0.3695,5,10
62,1,P4,0.21,0.161,0.161,1.192,0.111,1.081,0.69184005,1.5257714,0.1113,5,10
62,2,P3,0.19,0.402,0.402,0.4743,0.091,0.3833,0.15332,1.018942,0.0911,5,10
62,3,P4,0.21,0.663,0.663,1.192,0.111,1.081,0.69184005,1.5257714,0.1113,5,10
62,4,P1,0.16,0.874,0.874,0.0669,0.061,0.0059000000000000025,0.0023599998,1.8726053,0.0611,5,10
63,1,P5,0.24,0.186,0.186,2.6894,0.136,2.5534,1.634176,1.2566512,0.1359,5,10
63,2,P6,0.27,0.502,0.502,5.0,0.166,4.834,1.9336001,1.5014282,0.166,5,10
63,3,P5,0.24,0.788,0.788,2.6894,0.136,2.5534,1.634176,1.2566512,0.1359,5,10
64,1,P9,0.4,0.352,0.352,9.5257,0.302,9.223700000000001,5.9031677,3.9388409,0.3025,5,10
64,2,P9,0.4,0.804,0.804,9.5257,0.302,9.223700000000001,5.9031677,3.9388409,0.3025,5,10
65,1,P2,0.18,0.125,0.125,0.1799,0.075,0.10490000000000001,0.04196,0.73700994,0.0746,5,10
65,2,P9,0.4,0.577,0.577,9.5257,0.302,9.223700000000001,3.6894798,2.239442,0.3025,5,10
65,3,P4,0.21,0.838,0.838,1.192,0.111,1.081,0.43240005,1.3243074,0.1113,5,10
66,1,P2,0.18,0.125,0.125,0.1799,0.075,0.10490000000000001,0.04196,-0.50180256,0.0746,5,10
66,2,P10,0.47,0.645,0.645,9.8201,0.37,9.4501,3.78004,3.3487337,0.3695,5,10
67,1,P9,0.4,0.352,0.352,9.5257,0.302,9.223700000000001,5.9031677,6.8310432,0.3025,5,10
67,2,P9,0.4,0.804,0.804,9.5257,0.302,9.223700000000001,5.9031677,6.8310432,0.3025,5,10
68,1,P1,0.16,0.111,0.111,0.0669,0.061,0.0059000000000000025,0.0023599998,-0.7015915,0.0611,5,10
68,2,P10,0.47,0.631,0.631,9.8201,0.37,9.4501,3.78004,2.804057,0.3695,5,10
69,1,P8,0.35,0.298,0.298,8.808,0.248,8.56,5.4783998,5.7680798,0.2477,5,10
69,2,P8,0.35,0.696,0.696,8.808,0.248,8.56,5.4783998,5.7680798,0.2477,5,10
70,1,P9,0.4,0.352,0.352,9.5257,0.302,9.223700000000001,5.9031677,5.340353,0.3025,5,10
70,2,P9,0.4,0.804,0.804,9.5257,0.302,9.223700000000001,5.9031677,5.340353,0.3025,5,10
71,1,P2,0.18,0.125,0.125,0.1799,0.075,0.10490000000000001,0.04196,0.84067273,0.0746,5,10
71,2,P8,0.35,0.523,0.523,8.808,0.248,8.56,5.4783998,4.5712485,0.2477,5,10
72,1,P1,0.16,0.111,0.111,0.0669,0.061,0.0059000000000000025,0.0037759996,-0.50785357,0.0611,5,10
72,2,P1,0.16,0.322,0.322,0.0669,0.061,0.0059000000000000025,0.0037759996,-0.50785357,0.0611,5,10
72,3,P4,0.21,0.583,0.583,1.192,0.111,1.081,0.69184005,0.5645148,0.1113,5,10
72,4,P4,0.21,0.844,0.844,1.192,0.111,1.081,0.69184005,0.5645148,0.1113,5,10
73,1,P2,0.18,0.125,0.125,0.1799,0.075,0.10490000000000001,0.067136005,0.6895072,0.0746,5,10
73,2,P2,0.18,0.35,0.35,0.1799,0.075,0.10490000000000001,0.067136005,0.6895072,0.0746,5,10
73,3,P6,0.27,0.666,0.666,5.0,0.166,4.834,3.09376,2.3409505,0.166,5,10
74,1,P4,0.21,0.161,0.161,1.192,0.111,1.081,0.43240005,0.45874095,0.1113,5,10
74,2,P5,0.24,0.447,0.447,2.6894,0.136,2.5534,1.634176,1.8999758,0.1359,5,10
74,3,P5,0.24,0.733,0.733,2.6894,0.136,2.5534,1.634176,1.8999758,0.1359,5,10
75,1,P5,0.24,0.186,0.186,2.6894,0.136,2.5534,1.02136,0.14165759,0.1359,5,10
75,2,P8,0.35,0.584,0.584,8.808,0.248,8.56,5.4783998,4.3522534,0.2477,5,10
76,1,P3,0.19,0.141,0.141,0.4743,0.091,0.3833,0.15332,0.08756024,0.0911,5,10
76,2,P2,0.18,0.366,0.366,0.1799,0.075,0.10490000000000001,0.067136005,1.0463735,0.0746,5,10
76,3,P2,0.17,0.591,0.591,0.1799,0.075,0.10490000000000001,0.067136005,1.0463735,0.0746,5,10
76,4,P5,0.24,0.877,0.877,2.6894,0.136,2.5534,1.02136,1.7238148,0.1359,5,10
77,1,P6,0.27,0.216,0.216,5.0,0.166,4.834,3.09376,4.2287126,0.166,5,10
77,2,P2,0.18,0.441,0.441,0.1799,0.075,0.10490000000000001,0.04196,-0.1829466,0.0746,5,10
77,3,P6,0.27,0.757,0.757,5.0,0.166,4.834,3.09376,4.2287126,0.166,5,10
78,1,P7,0.3,0.253,0.253,7.3106,0.203,7.1076,5.572358,3.7853951,0.2028,5,10
78,2,P7,0.3,0.606,0.606,7.3106,0.203,7.1076,5.572358,3.7853951,0.2028,5,10
79,1,P1,0.16,0.111,0.111,0.0669,0.061,0.0059000000000000025,0.0023599998,0.5971993,0.0611,5,10
79,2,P10,0.47,0.631,0.631,9.8201,0.37,9.4501,3.78004,3.7993975,0.3695,5,10
80,1,P4,0.21,0.161,0.161,1.192,0.111,1.081,0.43240005,1.2024391,0.1113,5,10
80,2,P9,0.4,0.613,0.613,9.5257,0.302,9.223700000000001,3.6894798,4.9158535,0.3025,5,10
81,1,P8,0.35,0.298,0.298,8.808,0.248,8.56,5.4783998,6.4085064,0.2477,5,10
81,2,P8,0.35,0.696,0.696,8.808,0.248,8.56,5.4783998,6.4085064,0.2477,5,10
82,1,P10,0.47,0.42,0.42,9.8201,0.37,9.4501,6.048064,4.4226975,0.3695,5,10
83,1,P6,0.27,0.216,0.216,5.0,0.166,4.834,3.789856,4.370836,0.166,5,10
83,2,P6,0.27,0.532,0.532,5.0,0.166,4.834,3.789856,4.370836,0.166,5,10
83,3,P6,0.27,0.848,0.848,5.0,0.166,4.834,3.789856,4.370836,0.166,5,10
84,1,P3,0.19,0.141,0.141,0.4743,0.091,0.3833,0.15332,-0.66468924,0.0911,5,10
84,2,P9,0.4,0.593,0.593,9.5257,0.302,9.223700000000001,3.6894798,3.407063,0.3025,5,10
85,1,P7,0.3,0.253,0.253,7.3106,0.203,7.1076,5.572358,4.803043,0.2028,5,10
85,2,P7,0.3,0.606,0.606,7.3106,0.203,7.1076,5.572358,4.803043,0.2028,5,10
86,1,P10,0.47,0.42,0.42,9.8201,0.37,9.4501,6.048064,3.6162663,0.3695,5,10
87,1,P5,0.24,0.186,0.186,2.6894,0.136,2.5534,1.634176,2.5669436,0.1359,5,10
87,2,P7,0.3,0.539,0.539,7.3106,0.203,7.1076,2.84304,2.4324296,0.2028,5,10
87,3,P5,0.24,0.825,0.825,2.6894,0.136,2.5534,1.634176,2.5669436,0.1359,5,10
88,1,P9,0.4,0.352,0.352,9.5257,0.302,9.223700000000001,5.9031677,6.2942038,0.3025,5,10
88,2,P9,0.4,0.804,0.804,9.5257,0.302,9.223700000000001,5.9031677,6.2942038,0.3025,5,10
89,1,P1,0.16,0.111,0.111,0.0669,0.061,0.0059000000000000025,0.0023599998,-0.28626633,0.0611,5,10
89,2,P7,0.3,0.464,0.464,7.3106,0.203,7.1076,4.548864,4.1329346,0.2028,5,10
89,3,P7,0.3,0.817,0.817,7.3106,0.203,7.1076,4.548864,4.1329346,0.2028,5,10
90,1,P10,0.47,0.42,0.42,9.8201,0.37,9.4501,6.048064,4.5764647,0.3695,5,10
91,1,P5,0.24,0.186,0.186,2.6894,0.136,2.5534,2.0018656,2.848525,0.1359,5,10
91,2,P5,0.24,0.472,0.472,2.6894,0.136,2.5534,2.0018656,2.848525,0.1359,5,10
91,3,P5,0.24,0.758,0.758,2.6894,0.136,2.5534,2.0018656,2.848525,0.1359,5,10
92,1,P10,0.47,0.42,0.42,9.8201,0.37,9.4501,6.048064,4.4873357,0.3695,5,10
93,1,P2,0.18,0.125,0.125,0.1799,0.075,0.10490000000000001,0.04196,-0.40896875,0.0746,5,10
93,2,P4,0.21,0.386,0.386,1.192,0.111,1.081,0.69184005,-0.3110448,0.1113,5,10
93,3,P4,0.21,0.647,0.647,1.192,0.111,1.081,0.69184005,-0.3110448,0.1113,5,10
94,1,P8,0.35,0.298,0.298,8.808,0.248,8.56,5.4783998,4.773201,0.2477,5,10
94,2,P8,0.35,0.696,0.696,8.808,0.248,8.56,5.4783998,4.773201,0.2477,5,10
95,1,P4,0.21,0.161,0.161,1.192,0.111,1.081,0.69184005,0.9647877,0.1113,5,10
95,2,P4,0.21,0.422,0.422,1.192,0.111,1.081,0.69184005,0.9647877,0.1113,5,10
96,1,P7,0.3,0.253,0.253,7.3106,0.203,7.1076,5.572358,3.637476,0.2028,5,10
96,2,P7,0.3,0.606,0.606,7.3106,0.203,7.1076,5.572358,3.637476,0.2028,5,10
97,1,P7,0.3,0.253,0.253,7.3106,0.203,7.1076,5.572358,3.9638329,0.2028,5,10
97,2,P7,0.3,0.606,0.606,7.3106,0.203,7.1076,5.572358,3.9638329,0.2028,5,10
98,1,P1,0.16,0.111,0.111,0.0669,0.061,0.0059000000000000025,0.0023599998,-0.70070595,0.0611,5,10
98,2,P4,0.21,0.372,0.372,1.192,0.111,1.081,0.69184005,-1.1816862,0.1113,5,10
98,3,P4,0.21,0.633,0.633,1.192,0.111,1.081,0.69184005,-1.1816862,0.1113,5,10
99,1,P9,0.4,0.352,0.352,9.5257,0.302,9.223700000000001,5.9031677,6.532725,0.3025,5,10
99,2,P9,0.4,0.804,0.804,9.5257,0.302,9.223700000000001,5.9031677,6.532725,0.3025,5,10
0,1,P6,0.27,0.216,0.216,10.0,0.166,9.834,7.709856,8.91718,0.166,5,20
0,2,P6,0.27,0.532,0.532,10.0,0.166,9.834,7.709856,8.91718,0.166,5,20
0,3,P6,0.27,0.848,0.848,10.0,0.166,9.834,7.709856,8.91718,0.166,5,20
1,1,P8,0.35,0.298,0.298,17.6159,0.248,17.3679,11.115457,11.608403,0.2477,5,20
1,2,P8,0.35,0.696,0.696,17.6159,0.248,17.3679,11.115457,11.608403,0.2477,5,20
2,1,P10,0.47,0.42,0.42,19.6403,0.37,19.2703,12.332992,7.908501,0.3695,5,20
3,1,P3,0.19,0.141,0.141,0.9485,0.091,0.8575,0.343,0.20145509,0.0911,5,20
3,2,P6,0.27,0.457,0.457,10.0,0.166,9.834,6.29376,6.127386,0.166,5,20
3,3,P6,0.27,0.773,0.773,10.0,0.166,9.834,6.29376,6.127386,0.166,5,20
4,1,P9,0.4,0.352,0.352,19.0515,0.302,18.7495,11.9996805,11.735014,0.3025,5,20
4,2,P9,0.4,0.804,0.804,19.0515,0.302,18.7495,11.9996805,11.735014,0.3025,5,20
5,1,P10,0.47,0.42,0.42,19.6403,0.37,19.2703,12.332992,7.3079686,0.3695,5,20
6,1,P5,0.24,0.186,0.186,5.3788,0.136,5.2428,4.110355,4.413853,0.1359,5,20
6,2,P5,0.24,0.472,0.472,5.3788,0.136,5.2428,4.110355,4.413853,0.1359,5,20
6,3,P5,0.24,0.758,0.758,5.3788,0.136,5.2428,4.110355,4.413853,0.1359,5,20
7,1,P8,0.35,0.298,0.298,17.6159,0.248,17.3679,11.115457,10.588396,0.2477,5,20
7,2,P8,0.35,0.696,0.696,17.6159,0.248,17.3679,11.115457,10.588396,0.2477,5,20
8,1,P3,0.19,0.141,0.141,0.9485,0.091,0.8575,0.343,0.8121599,0.0911,5,20
8,2,P9,0.4,0.593,0.593,19.0515,0.302,18.7495,7.4998,7.73467,0.3025,5,20
9,1,P6,0.27,0.216,0.216,10.0,0.166,9.834,7.709856,8.152524,0.166,5,20
9,2,P6,0.27,0.532,0.532,10.0,0.166,9.834,7.709856,8.152524,0.166,5,20
9,3,P6,0.27,0.848,0.848,10.0,0.166,9.834,7.709856,8.152524,0.166,5,20
10,1,P3,0.19,0.141,0.141,0.9485,0.091,0.8575,0.343,0.6302601,0.0911,5,20
10,2,P8,0.35,0.539,0.539,17.6159,0.248,17.3679,11.115457,8.542608,0.2477,5,20
11,1,P9,0.4,0.352,0.352,19.0515,0.302,18.7495,11.9996805,13.87453,0.3025,5,20
11,2,P9,0.4,0.804,0.804,19.0515,0.302,18.7495,11.9996805,13.87453,0.3025,5,20
12,1,P8,0.35,0.298,0.298,17.6159,0.248,17.3679,11.115457,9.576654,0.2477,5,20
12,2,P8,0.35,0.696,0.696,17.6159,0.248,17.3679,11.115457,9.576654,0.2477,5,20
13,1,P6,0.27,0.216,0.216,10.0,0.166,9.834,7.709856,7.6429534,0.166,5,20
13,2,P6,0.27,0.532,0.532,10.0,0.166,9.834,7.709856,7.6429534,0.166,5,20
13,3,P6,0.27,0.848,0.848,10.0,0.166,9.834,7.709856,7.6429534,0.166,5,20
14,1,P7,0.3,0.253,0.253,14.6212,0.203,14.4182,11.303868,9.009059,0.2028,5,20
14,2,P7,0.3,0.606,0.606,14.6212,0.203,14.4182,11.303868,9.009059,0.2028,5,20
15,1,P8,0.35,0.298,0.298,17.6159,0.248,17.3679,11.115457,9.758259,0.2477,5,20
15,2,P8,0.35,0.696,0.696,17.6159,0.248,17.3679,11.115457,9.758259,0.2477,5,20
16,1,P1,0.16,0.111,0.111,0.1339,0.061,0.07289999999999999,0.029159999,-0.57970905,0.0611,5,20
16,2,P8,0.35,0.509,0.509,17.6159,0.248,17.3679,11.115457,7.486895,0.2477,5,20
17,1,P9,0.4,0.352,0.352,19.0515,0.302,18.7495,11.9996805,14.327199,0.3025,5,20
17,2,P9,0.4,0.804,0.804,19.0515,0.302,18.7495,11.9996805,14.327199,0.3025,5,20
18,1,P5,0.24,0.186,0.186,5.3788,0.136,5.2428,4.110355,4.0608206,0.1359,5,20
18,2,P5,0.24,0.472,0.472,5.3788,0.136,5.2428,4.110355,4.0608206,0.1359,5,20
18,3,P5,0.24,0.758,0.758,5.3788,0.136,5.2428,4.110355,4.0608206,0.1359,5,20
19,1,P10,0.47,0.42,0.42,19.6403,0.37,19.2703,12.332992,6.4750466,0.3695,5,20
20,1,P3,0.19,0.141,0.141,0.9485,0.091,0.8575,0.343,-0.6001431,0.0911,5,20
20,2,P6,0.27,0.457,0.457,10.0,0.166,9.834,6.29376,5.0403023,0.166,5,20
20,3,P6,0.27,0.773,0.773,10.0,0.166,9.834,6.29376,5.0403023,0.166,5,20
21,1,P2,0.18,0.125,0.125,0.3597,0.075,0.2847,0.18220799,1.2464118,0.0746,5,20
21,2,P2,0.18,0.35,0.35,0.3597,0.075,0.2847,0.18220799,1.2464118,0.0746,5,20
21,3,P8,0.35,0.748,0.748,17.6159,0.248,17.3679,6.9471602,7.9951596,0.2477,5,20
22,1,P5,0.24,0.186,0.186,5.3788,0.136,5.2428,4.110355,4.946684,0.1359,5,20
22,2,P5,0.24,0.472,0.472,5.3788,0.136,5.2428,4.110355,4.946684,0.1359,5,20
22,3,P5,0.24,0.758,0.758,5.3788,0.136,5.2428,4.110355,4.946684,0.1359,5,20
23,1,P3,0.19,0.141,0.141,0.9485,0.091,0.8575,0.343,0.2735477,0.0911,5,20
23,2,P6,0.27,0.457,0.457,10.0,0.166,9.834,6.29376,5.232993,0.166,5,20
23,3,P6,0.27,0.773,0.773,10.0,0.166,9.834,6.29376,5.232993,0.166,5,20
24,1,P8,0.35,0.298,0.298,17.6159,0.248,17.3679,11.115457,10.719677,0.2477,5,20
24,2,P8,0.35,0.696,0.696,17.6159,0.248,17.3679,11.115457,10.719677,0.2477,5,20
25,1,P7,0.3,0.253,0.253,14.6212,0.203,14.4182,11.303868,9.590303,0.2028,5,20
25,2,P7,0.3,0.606,0.606,14.6212,0.203,14.4182,11.303868,9.590303,0.2028,5,20
26,1,P10,0.47,0.42,0.42,19.6403,0.37,19.2703,12.332992,8.248629,0.3695,5,20
27,1,P1,0.16,0.111,0.111,0.1339,0.061,0.07289999999999999,0.046655998,1.5640004,0.0611,5,20
27,2,P1,0.16,0.322,0.322,0.1339,0.061,0.07289999999999999,0.046655998,1.5640004,0.0611,5,20
27,3,P3,0.19,0.563,0.563,0.9485,0.091,0.8575,0.5488,-1.1186357,0.0911,5,20
27,4,P3,0.19,0.804,0.804,0.9485,0.091,0.8575,0.5488,-1.1186357,0.0911,5,20
28,1,P4,0.21,0.161,0.161,2.3841,0.111,2.2731,1.9785062,2.0296004,0.1113,5,20
28,2,P4,0.21,0.422,0.422,2.3841,0.111,2.2731,1.9785062,2.0296004,0.1113,5,20
28,3,P4,0.21,0.683,0.683,2.3841,0.111,2.2731,1.9785062,2.0296004,0.1113,5,20
29,1,P6,0.27,0.216,0.216,10.0,0.166,9.834,7.709856,7.7347608,0.166,5,20
29,2,P6,0.27,0.532,0.532,10.0,0.166,9.834,7.709856,7.7347608,0.166,5,20
29,3,P6,0.27,0.848,0.848,10.0,0.166,9.834,7.709856,7.7347608,0.166,5,20
30,1,P5,0.24,0.186,0.186,5.3788,0.136,5.2428,4.110355,4.243481,0.1359,5,20
30,2,P5,0.24,0.472,0.472,5.3788,0.136,5.2428,4.110355,4.243481,0.1359,5,20
30,3,P5,0.24,0.758,0.758,5.3788,0.136,5.2428,4.110355,4.243481,0.1359,5,20
31,1,P4,0.21,0.161,0.161,2.3841,0.111,2.2731,0.90923995,-1.5136731,0.1113,5,20
31,2,P9,0.4,0.613,0.613,19.0515,0.302,18.7495,7.4998,7.13967,0.3025,5,20
32,1,P10,0.47,0.42,0.42,19.6403,0.37,19.2703,12.332992,9.548715,0.3695,5,20
33,1,P3,0.19,0.141,0.141,0.9485,0.091,0.8575,0.343,-0.3861063,0.0911,5,20
33,2,P9,0.4,0.593,0.593,19.0515,0.302,18.7495,7.4998,7.5088096,0.3025,5,20
34,1,P10,0.47,0.42,0.42,19.6403,0.37,19.2703,12.332992,7.1069283,0.3695,5,20
35,1,P10,0.47,0.42,0.42,19.6403,0.37,19.2703,12.332992,6.816907,0.3695,5,20
36,1,P3,0.19,0.141,0.141,0.9485,0.091,0.8575,0.343,1.0818739,0.0911,5,20
36,2,P8,0.35,0.539,0.539,17.6159,0.248,17.3679,11.115457,8.267602,0.2477,5,20
37,1,P7,0.3,0.253,0.253,14.6212,0.203,14.4182,11.303868,9.905699,0.2028,5,20
37,2,P7,0.3,0.606,0.606,14.6212,0.203,14.4182,11.303868,9.905699,0.2028,5,20
38,1,P2,0.18,0.125,0.125,0.3597,0.075,0.2847,0.18220799,-0.50964546,0.0746,5,20
38,2,P1,0.16,0.336,0.336,0.1339,0.061,0.07289999999999999,0.029159999,0.34785858,0.0611,5,20
38,3,P2,0.18,0.561,0.561,0.3597,0.075,0.2847,0.18220799,-0.50964546,0.0746,5,20
39,1,P7,0.3,0.253,0.253,14.6212,0.203,14.4182,11.303868,9.865529,0.2028,5,20
39,2,P7,0.3,0.606,0.606,14.6212,0.203,14.4182,11.303868,9.865529,0.2028,5,20
40,1,P4,0.21,0.161,0.161,2.3841,0.111,2.2731,0.90923995,1.9381046,0.1113,5,20
40,2,P6,0.27,0.477,0.477,10.0,0.166,9.834,6.29376,7.118902,0.166,5,20
40,3,P6,0.27,0.793,0.793,10.0,0.166,9.834,6.29376,7.118902,0.166,5,20
41,1,P5,0.24,0.186,0.186,5.3788,0.136,5.2428,4.110355,3.688832,0.1359,5,20
41,2,P5,0.24,0.472,0.472,5.3788,0.136,5.2428,4.110355,3.688832,0.1359,5,20
41,3,P5,0.24,0.758,0.758,5.3788,0.136,5.2428,4.110355,3.688832,0.1359,5,20
42,1,P4,0.21,0.161,0.161,2.3841,0.111,2.2731,1.7821103,0.25990224,0.1113,5,20
42,2,P4,0.21,0.422,0.422,2.3841,0.111,2.2731,1.7821103,0.25990224,0.1113,5,20
42,3,P4,0.21,0.683,0.683,2.3841,0.111,2.2731,1.7821103,0.25990224,0.1113,5,20
43,1,P8,0.35,0.298,0.298,17.6159,0.248,17.3679,11.115457,12.987087,0.2477,5,20
43,2,P8,0.35,0.696,0.696,17.6159,0.248,17.3679,11.115457,12.987087,0.2477,5,20
44,1,P2,0.18,0.125,0.125,0.3597,0.075,0.2847,0.18220799,0.936894,0.0746,5,20
44,2,P3,0.19,0.366,0.366,0.9485,0.091,0.8575,0.343,-0.5271836,0.0911,5,20
44,3,P2,0.17,0.591,0.591,0.3597,0.075,0.2847,0.18220799,0.936894,0.0746,5,20
45,1,P2,0.18,0.125,0.125,0.3597,0.075,0.2847,0.11387999,1.1995225,0.0746,5,20
45,2,P7,0.3,0.478,0.478,14.6212,0.203,14.4182,9.227648,8.828382,0.2028,5,20
45,3,P7,0.3,0.831,0.831,14.6212,0.203,14.4182,9.227648,8.828382,0.2028,5,20
46,1,P2,0.18,0.125,0.125,0.3597,0.075,0.2847,0.11387999,-0.24686562,0.0746,5,20
46,2,P6,0.27,0.441,0.441,10.0,0.166,9.834,6.29376,7.230274,0.166,5,20
46,3,P6,0.27,0.757,0.757,10.0,0.166,9.834,6.29376,7.230274,0.166,5,20
47,1,P7,0.3,0.253,0.253,14.6212,0.203,14.4182,11.303868,9.123864,0.2028,5,20
47,2,P7,0.3,0.606,0.606,14.6212,0.203,14.4182,11.303868,9.123864,0.2028,5,20
48,1,P2,0.18,0.125,0.125,0.3597,0.075,0.2847,0.11387999,-0.66973704,0.0746,5,20
48,2,P8,0.35,0.523,0.523,17.6159,0.248,17.3679,11.115457,7.665511,0.2477,5,20
49,1,P3,0.19,0.141,0.141,0.9485,0.091,0.8575,0.343,0.36963493,0.0911,5,20
49,2,P10,0.47,0.661,0.661,19.6403,0.37,19.2703,7.70812,6.6218166,0.3695,5,20
50,1,P6,0.27,0.216,0.216,10.0,0.166,9.834,7.709856,6.5934525,0.166,5,20
50,2,P6,0.27,0.532,0.532,10.0,0.166,9.834,7.709856,6.5934525,0.166,5,20
50,3,P6,0.27,0.848,0.848,10.0,0.166,9.834,7.709856,6.5934525,0.166,5,20
51,1,P4,0.21,0.161,0.161,2.3841,0.111,2.2731,1.4547839,3.1146774,0.1113,5,20
51,2,P4,0.21,0.422,0.422,2.3841,0.111,2.2731,1.4547839,3.1146774,0.1113,5,20
51,3,P8,0.35,0.82,0.82,17.6159,0.248,17.3679,6.9471602,7.240847,0.2477,5,20
52,1,P10,0.47,0.42,0.42,19.6403,0.37,19.2703,12.332992,9.063291,0.3695,5,20
53,1,P6,0.27,0.216,0.216,10.0,0.166,9.834,7.709856,9.522344,0.166,5,20
53,2,P6,0.27,0.532,0.532,10.0,0.166,9.834,7.709856,9.522344,0.166,5,20
53,3,P6,0.27,0.848,0.848,10.0,0.166,9.834,7.709856,9.522344,0.166,5,20
54,1,P3,0.19,0.141,0.141,0.9485,0.091,0.8575,0.343,0.97245187,0.0911,5,20
54,2,P8,0.35,0.539,0.539,17.6159,0.248,17.3679,11.115457,6.958495,0.2477,5,20
55,1,P5,0.24,0.186,0.186,5.3788,0.136,5.2428,4.110355,2.986699,0.1359,5,20
55,2,P5,0.24,0.472,0.472,5.3788,0.136,5.2428,4.110355,2.986699,0.1359,5,20
55,3,P5,0.24,0.758,0.758,5.3788,0.136,5.2428,4.110355,2.986699,0.1359,5,20
56,1,P6,0.27,0.216,0.216,10.0,0.166,9.834,7.709856,7.1366053,0.166,5,20
56,2,P6,0.27,0.532,0.532,10.0,0.166,9.834,7.709856,7.1366053,0.166,5,20
56,3,P6,0.27,0.848,0.848,10.0,0.166,9.834,7.709856,7.1366053,0.166,5,20
57,1,P5,0.24,0.186,0.186,5.3788,0.136,5.2428,2.09712,2.389645,0.1359,5,20
57,2,P2,0.18,0.411,0.411,0.3597,0.075,0.2847,0.11387999,-1.326284,0.0746,5,20
57,3,P7,0.3,0.764,0.764,14.6212,0.203,14.4182,5.76728,6.2309895,0.2028,5,20
58,1,P3,0.19,0.141,0.141,0.9485,0.091,0.8575,0.343,1.8678575,0.0911,5,20
58,2,P1,0.16,0.352,0.352,0.1339,0.061,0.07289999999999999,0.029159999,0.2404306,0.0611,5,20
58,3,P2,0.18,0.577,0.577,0.3597,0.075,0.2847,0.11387999,-0.6859906,0.0746,5,20
58,4,P5,0.24,0.863,0.863,5.3788,0.136,5.2428,2.09712,1.9449973,0.1359,5,20
59,1,P10,0.47,0.42,0.42,19.6403,0.37,19.2703,12.332992,7.6183105,0.3695,5,20
60,1,P8,0.35,0.298,0.298,17.6159,0.248,17.3679,11.115457,12.408074,0.2477,5,20
60,2,P8,0.35,0.696,0.696,17.6159,0.248,17.3679,11.115457,12.408074,0.2477,5,20
61,1,P2,0.18,0.125,0.125,0.3597,0.075,0.2847,0.11387999,0.086153015,0.0746,5,20
61,2,P9,0.4,0.577,0.577,19.0515,0.302,18.7495,7.4998,7.4281487,0.3025,5,20
62,1,P9,0.4,0.352,0.352,19.0515,0.302,18.7495,11.9996805,13.56528,0.3025,5,20
62,2,P9,0.4,0.804,0.804,19.0515,0.302,18.7495,11.9996805,13.56528,0.3025,5,20
63,1,P3,0.19,0.141,0.141,0.9485,0.091,0.8575,0.343,0.77996296,0.0911,5,20
63,2,P10,0.47,0.661,0.661,19.6403,0.37,19.2703,7.70812,8.379193,0.3695,5,20
64,1,P10,0.47,0.42,0.42,19.6403,0.37,19.2703,12.332992,7.6491547,0.3695,5,20
65,1,P5,0.24,0.186,0.186,5.3788,0.136,5.2428,4.110355,3.5430756,0.1359,5,20
65,2,P5,0.24,0.472,0.472,5.3788,0.136,5.2428,4.110355,3.5430756,0.1359,5,20
65,3,P5,0.24,0.758,0.758,5.3788,0.136,5.2428,4.110355,3.5430756,0.1359,5,20
66,1,P2,0.18,0.125,0.125,0.3597,0.075,0.2847,0.11387999,0.22788794,0.0746,5,20
66,2,P9,0.4,0.577,0.577,19.0515,0.302,18.7495,7.4998,6.335794,0.3025,5,20
67,1,P10,0.47,0.42,0.42,19.6403,0.37,19.2703,12.332992,6.75118,0.3695,5,20
68,1,P6,0.27,0.216,0.216,10.0,0.166,9.834,7.709856,7.816444,0.166,5,20
68,2,P6,0.27,0.532,0.532,10.0,0.166,9.834,7.709856,7.816444,0.166,5,20
68,3,P6,0.27,0.848,0.848,10.0,0.166,9.834,7.709856,7.816444,0.166,5,20
69,1,P10,0.47,0.42,0.42,19.6403,0.37,19.2703,12.332992,9.5278425,0.3695,5,20
70,1,P9,0.4,0.352,0.352,19.0515,0.302,18.7495,11.9996805,11.968362,0.3025,5,20
70,2,P9,0.4,0.804,0.804,19.0515,0.302,18.7495,11.9996805,11.968362,0.3025,5,20
71,1,P2,0.18,0.125,0.125,0.3597,0.075,0.2847,0.11387999,0.43846458,0.0746,5,20
71,2,P9,0.4,0.577,0.577,19.0515,0.302,18.7495,7.4998,7.0344024,0.3025,5,20
72,1,P9,0.4,0.352,0.352,19.0515,0.302,18.7495,11.9996805,11.878842,0.3025,5,20
72,2,P9,0.4,0.804,0.804,19.0515,0.302,18.7495,11.9996805,11.878842,0.3025,5,20
73,1,P5,0.24,0.186,0.186,5.3788,0.136,5.2428,4.110355,3.8498259,0.1359,5,20
73,2,P5,0.24,0.472,0.472,5.3788,0.136,5.2428,4.110355,3.8498259,0.1359,5,20
73,3,P5,0.24,0.758,0.758,5.3788,0.136,5.2428,4.110355,3.8498259,0.1359,5,20
74,1,P1,0.16,0.111,0.111,0.1339,0.061,0.07289999999999999,0.029159999,0.647856,0.0611,5,20
74,2,P2,0.18,0.336,0.336,0.3597,0.075,0.2847,0.18220799,-0.31275493,0.0746,5,20
74,3,P2,0.18,0.561,0.561,0.3597,0.075,0.2847,0.18220799,-0.31275493,0.0746,5,20
75,1,P2,0.18,0.125,0.125,0.3597,0.075,0.2847,0.11387999,-0.72727585,0.0746,5,20
75,2,P7,0.3,0.478,0.478,14.6212,0.203,14.4182,9.227648,9.592945,0.2028,5,20
75,3,P7,0.3,0.831,0.831,14.6212,0.203,14.4182,9.227648,9.592945,0.2028,5,20
76,1,P1,0.16,0.111,0.111,0.1339,0.061,0.07289999999999999,0.029159999,0.124611355,0.0611,5,20
76,2,P7,0.3,0.464,0.464,14.6212,0.203,14.4182,9.227648,9.824018,0.2028,5,20
76,3,P7,0.3,0.817,0.817,14.6212,0.203,14.4182,9.227648,9.824018,0.2028,5,20
77,1,P2,0.18,0.125,0.125,0.3597,0.075,0.2847,0.11387999,1.4615092,0.0746,5,20
77,2,P10,0.47,0.645,0.645,19.6403,0.37,19.2703,7.70812,9.453596,0.3695,5,20
78,1,P1,0.16,0.111,0.111,0.1339,0.061,0.07289999999999999,0.029159999,0.20941927,0.0611,5,20
78,2,P9,0.4,0.563,0.563,19.0515,0.302,18.7495,7.4998,7.0454063,0.3025,5,20
79,1,P10,0.47,0.42,0.42,19.6403,0.37,19.2703,12.332992,6.7249436,0.3695,5,20
80,1,P1,0.16,0.111,0.111,0.1339,0.061,0.07289999999999999,0.029159999,-0.06466239,0.0611,5,20
80,2,P6,0.27,0.427,0.427,10.0,0.166,9.834,6.29376,6.1635485,0.166,5,20
80,3,P6,0.27,0.743,0.743,10.0,0.166,9.834,6.29376,6.1635485,0.166,5,20
81,1,P7,0.3,0.253,0.253,14.6212,0.203,14.4182,11.303868,8.372175,0.2028,5,20
81,2,P7,0.3,0.606,0.606,14.6212,0.203,14.4182,11.303868,8.372175,0.2028,5,20
82,1,P3,0.19,0.141,0.141,0.9485,0.091,0.8575,0.343,-1.2680233,0.0911,5,20
82,2,P1,0.16,0.352,0.352,0.1339,0.061,0.07289999999999999,0.029159999,0.19983868,0.0611,5,20
82,3,P9,0.4,0.804,0.804,19.0515,0.302,18.7495,7.4998,7.5738087,0.3025,5,20
83,1,P10,0.47,0.42,0.42,19.6403,0.37,19.2703,12.332992,7.6074743,0.3695,5,20
84,1,P3,0.19,0.141,0.141,0.9485,0.091,0.8575,0.343,2.186112,0.0911,5,20
84,2,P6,0.27,0.457,0.457,10.0,0.166,9.834,6.29376,5.6745396,0.166,5,20
84,3,P6,0.27,0.773,0.773,10.0,0.166,9.834,6.29376,5.6745396,0.166,5,20
85,1,P3,0.19,0.141,0.141,0.9485,0.091,0.8575,0.67227995,-0.032146037,0.0911,5,20
85,2,P3,0.19,0.382,0.382,0.9485,0.091,0.8575,0.67227995,-0.032146037,0.0911,5,20
85,3,P3,0.19,0.623,0.623,0.9485,0.091,0.8575,0.67227995,-0.032146037,0.0911,5,20
85,4,P1,0.16,0.834,0.834,0.1339,0.061,0.07289999999999999,0.029159999,-2.4065597,0.0611,5,20
86,1,P5,0.24,0.186,0.186,5.3788,0.136,5.2428,4.110355,4.387441,0.1359,5,20
86,2,P5,0.24,0.472,0.472,5.3788,0.136,5.2428,4.110355,4.387441,0.1359,5,20
86,3,P5,0.24,0.758,0.758,5.3788,0.136,5.2428,4.110355,4.387441,0.1359,5,20
87,1,P4,0.21,0.161,0.161,2.3841,0.111,2.2731,0.90923995,1.8490278,0.1113,5,20
87,2,P7,0.3,0.514,0.514,14.6212,0.203,14.4182,9.227648,6.276617,0.2028,5,20
87,3,P7,0.3,0.867,0.867,14.6212,0.203,14.4182,9.227648,6.276617,0.2028,5,20
88,1,P6,0.27,0.216,0.216,10.0,0.166,9.834,7.709856,6.691518,0.166,5,20
88,2,P6,0.27,0.532,0.532,10.0,0.166,9.834,7.709856,6.691518,0.166,5,20
88,3,P6,0.27,0.848,0.848,10.0,0.166,9.834,7.709856,6.691518,0.166,5,20
89,1,P10,0.47,0.42,0.42,19.6403,0.37,19.2703,12.332992,7.2681503,0.3695,5,20
90,1,P4,0.21,0.161,0.161,2.3841,0.111,2.2731,1.4547839,0.16949522,0.1113,5,20
90,2,P4,0.21,0.422,0.422,2.3841,0.111,2.2731,1.4547839,0.16949522,0.1113,5,20
90,3,P5,0.24,0.708,0.708,5.3788,0.136,5.2428,3.355392,1.1930392,0.1359,5,20
91,1,P9,0.4,0.352,0.352,19.0515,0.302,18.7495,11.9996805,11.950133,0.3025,5,20
91,2,P9,0.4,0.804,0.804,19.0515,0.302,18.7495,11.9996805,11.950133,0.3025,5,20
92,1,P10,0.47,0.42,0.42,19.6403,0.37,19.2703,12.332992,8.303585,0.3695,5,20
93,1,P7,0.3,0.253,0.253,14.6212,0.203,14.4182,11.303868,8.881289,0.2028,5,20
93,2,P7,0.3,0.606,0.606,14.6212,0.203,14.4182,11.303868,8.881289,0.2028,5,20
94,1,P10,0.47,0.42,0.42,19.6403,0.37,19.2703,12.332992,8.202897,0.3695,5,20
95,1,P3,0.19,0.141,0.141,0.9485,0.091,0.8575,0.343,0.059600025,0.0911,5,20
95,2,P10,0.47,0.661,0.661,19.6403,0.37,19.2703,7.70812,8.844999,0.3695,5,20
96,1,P5,0.24,0.186,0.186,5.3788,0.136,5.2428,2.09712,2.0792332,0.1359,5,20
96,2,P1,0.16,0.397,0.397,0.1339,0.061,0.07289999999999999,0.029159999,2.3936534,0.0611,5,20
96,3,P9,0.4,0.849,0.849,19.0515,0.302,18.7495,7.4998,7.778406,0.3025,5,20
97,1,P10,0.47,0.42,0.42,19.6403,0.37,19.2703,12.332992,8.499215,0.3695,5,20
98,1,P6,0.27,0.216,0.216,10.0,0.166,9.834,7.709856,9.448637,0.166,5,20
98,2,P6,0.27,0.532,0.532,10.0,0.166,9.834,7.709856,9.448637,0.166,5,20
98,3,P6,0.27,0.848,0.848,10.0,0.166,9.834,7.709856,9.448637,0.166,5,20
99,1,P9,0.4,0.352,0.352,19.0515,0.302,18.7495,11.9996805,13.21074,0.3025,5,20
99,2,P9,0.4,0.804,0.804,19.0515,0.302,18.7495,11.9996805,13.21074,0.3025,5,20
